start=1988.987000
pause=yes
sid=5
sub-delay=-0.515000
