start=2675.792000
pause=yes
sub-delay=-2.708000
