start=1342.633000
sid=3
sub-delay=-5.639000
