start=1335.793000
sub-delay=7.865000
