start=185.917000
pause=yes
aid=1
sid=27
sub-delay=-2.917000
