start=3124.705000
pause=yes
aid=1
sid=4
sub-delay=-0.007003
