start=1328.285000
sid=3
sub-delay=-5.840000
