start=1321.737000
sid=3
sub-delay=-5.840000
