start=3640.053000
volume=98.000000
sid=17
