start=2916.917000
pause=yes
sub-delay=-0.389000
