start=35.577000
pause=yes
sub-delay=-5.756000
