start=1595.208000
pause=yes
sub-delay=-2.750000
